{
 "cells": [
  {
   "cell_type": "code",
   "execution_count": 4,
   "metadata": {},
   "outputs": [],
   "source": [
    "import pandas as pd\n",
    "import numpy as np"
   ]
  },
  {
   "cell_type": "code",
   "execution_count": 5,
   "metadata": {},
   "outputs": [],
   "source": [
    "data = pd.read_csv(\"data.csv\")"
   ]
  },
  {
   "cell_type": "code",
   "execution_count": 6,
   "metadata": {},
   "outputs": [
    {
     "data": {
      "text/html": [
       "<div>\n",
       "<style scoped>\n",
       "    .dataframe tbody tr th:only-of-type {\n",
       "        vertical-align: middle;\n",
       "    }\n",
       "\n",
       "    .dataframe tbody tr th {\n",
       "        vertical-align: top;\n",
       "    }\n",
       "\n",
       "    .dataframe thead th {\n",
       "        text-align: right;\n",
       "    }\n",
       "</style>\n",
       "<table border=\"1\" class=\"dataframe\">\n",
       "  <thead>\n",
       "    <tr style=\"text-align: right;\">\n",
       "      <th></th>\n",
       "      <th>id</th>\n",
       "      <th>diagnosis</th>\n",
       "      <th>radius_mean</th>\n",
       "      <th>texture_mean</th>\n",
       "      <th>perimeter_mean</th>\n",
       "      <th>area_mean</th>\n",
       "      <th>smoothness_mean</th>\n",
       "      <th>compactness_mean</th>\n",
       "      <th>concavity_mean</th>\n",
       "      <th>concave points_mean</th>\n",
       "      <th>...</th>\n",
       "      <th>texture_worst</th>\n",
       "      <th>perimeter_worst</th>\n",
       "      <th>area_worst</th>\n",
       "      <th>smoothness_worst</th>\n",
       "      <th>compactness_worst</th>\n",
       "      <th>concavity_worst</th>\n",
       "      <th>concave points_worst</th>\n",
       "      <th>symmetry_worst</th>\n",
       "      <th>fractal_dimension_worst</th>\n",
       "      <th>Unnamed: 32</th>\n",
       "    </tr>\n",
       "  </thead>\n",
       "  <tbody>\n",
       "    <tr>\n",
       "      <th>0</th>\n",
       "      <td>842302</td>\n",
       "      <td>M</td>\n",
       "      <td>17.99</td>\n",
       "      <td>10.38</td>\n",
       "      <td>122.80</td>\n",
       "      <td>1001.0</td>\n",
       "      <td>0.11840</td>\n",
       "      <td>0.27760</td>\n",
       "      <td>0.3001</td>\n",
       "      <td>0.14710</td>\n",
       "      <td>...</td>\n",
       "      <td>17.33</td>\n",
       "      <td>184.60</td>\n",
       "      <td>2019.0</td>\n",
       "      <td>0.1622</td>\n",
       "      <td>0.6656</td>\n",
       "      <td>0.7119</td>\n",
       "      <td>0.2654</td>\n",
       "      <td>0.4601</td>\n",
       "      <td>0.11890</td>\n",
       "      <td>NaN</td>\n",
       "    </tr>\n",
       "    <tr>\n",
       "      <th>1</th>\n",
       "      <td>842517</td>\n",
       "      <td>M</td>\n",
       "      <td>20.57</td>\n",
       "      <td>17.77</td>\n",
       "      <td>132.90</td>\n",
       "      <td>1326.0</td>\n",
       "      <td>0.08474</td>\n",
       "      <td>0.07864</td>\n",
       "      <td>0.0869</td>\n",
       "      <td>0.07017</td>\n",
       "      <td>...</td>\n",
       "      <td>23.41</td>\n",
       "      <td>158.80</td>\n",
       "      <td>1956.0</td>\n",
       "      <td>0.1238</td>\n",
       "      <td>0.1866</td>\n",
       "      <td>0.2416</td>\n",
       "      <td>0.1860</td>\n",
       "      <td>0.2750</td>\n",
       "      <td>0.08902</td>\n",
       "      <td>NaN</td>\n",
       "    </tr>\n",
       "    <tr>\n",
       "      <th>2</th>\n",
       "      <td>84300903</td>\n",
       "      <td>M</td>\n",
       "      <td>19.69</td>\n",
       "      <td>21.25</td>\n",
       "      <td>130.00</td>\n",
       "      <td>1203.0</td>\n",
       "      <td>0.10960</td>\n",
       "      <td>0.15990</td>\n",
       "      <td>0.1974</td>\n",
       "      <td>0.12790</td>\n",
       "      <td>...</td>\n",
       "      <td>25.53</td>\n",
       "      <td>152.50</td>\n",
       "      <td>1709.0</td>\n",
       "      <td>0.1444</td>\n",
       "      <td>0.4245</td>\n",
       "      <td>0.4504</td>\n",
       "      <td>0.2430</td>\n",
       "      <td>0.3613</td>\n",
       "      <td>0.08758</td>\n",
       "      <td>NaN</td>\n",
       "    </tr>\n",
       "    <tr>\n",
       "      <th>3</th>\n",
       "      <td>84348301</td>\n",
       "      <td>M</td>\n",
       "      <td>11.42</td>\n",
       "      <td>20.38</td>\n",
       "      <td>77.58</td>\n",
       "      <td>386.1</td>\n",
       "      <td>0.14250</td>\n",
       "      <td>0.28390</td>\n",
       "      <td>0.2414</td>\n",
       "      <td>0.10520</td>\n",
       "      <td>...</td>\n",
       "      <td>26.50</td>\n",
       "      <td>98.87</td>\n",
       "      <td>567.7</td>\n",
       "      <td>0.2098</td>\n",
       "      <td>0.8663</td>\n",
       "      <td>0.6869</td>\n",
       "      <td>0.2575</td>\n",
       "      <td>0.6638</td>\n",
       "      <td>0.17300</td>\n",
       "      <td>NaN</td>\n",
       "    </tr>\n",
       "    <tr>\n",
       "      <th>4</th>\n",
       "      <td>84358402</td>\n",
       "      <td>M</td>\n",
       "      <td>20.29</td>\n",
       "      <td>14.34</td>\n",
       "      <td>135.10</td>\n",
       "      <td>1297.0</td>\n",
       "      <td>0.10030</td>\n",
       "      <td>0.13280</td>\n",
       "      <td>0.1980</td>\n",
       "      <td>0.10430</td>\n",
       "      <td>...</td>\n",
       "      <td>16.67</td>\n",
       "      <td>152.20</td>\n",
       "      <td>1575.0</td>\n",
       "      <td>0.1374</td>\n",
       "      <td>0.2050</td>\n",
       "      <td>0.4000</td>\n",
       "      <td>0.1625</td>\n",
       "      <td>0.2364</td>\n",
       "      <td>0.07678</td>\n",
       "      <td>NaN</td>\n",
       "    </tr>\n",
       "  </tbody>\n",
       "</table>\n",
       "<p>5 rows × 33 columns</p>\n",
       "</div>"
      ],
      "text/plain": [
       "         id diagnosis  radius_mean  texture_mean  perimeter_mean  area_mean  \\\n",
       "0    842302         M        17.99         10.38          122.80     1001.0   \n",
       "1    842517         M        20.57         17.77          132.90     1326.0   \n",
       "2  84300903         M        19.69         21.25          130.00     1203.0   \n",
       "3  84348301         M        11.42         20.38           77.58      386.1   \n",
       "4  84358402         M        20.29         14.34          135.10     1297.0   \n",
       "\n",
       "   smoothness_mean  compactness_mean  concavity_mean  concave points_mean  \\\n",
       "0          0.11840           0.27760          0.3001              0.14710   \n",
       "1          0.08474           0.07864          0.0869              0.07017   \n",
       "2          0.10960           0.15990          0.1974              0.12790   \n",
       "3          0.14250           0.28390          0.2414              0.10520   \n",
       "4          0.10030           0.13280          0.1980              0.10430   \n",
       "\n",
       "   ...  texture_worst  perimeter_worst  area_worst  smoothness_worst  \\\n",
       "0  ...          17.33           184.60      2019.0            0.1622   \n",
       "1  ...          23.41           158.80      1956.0            0.1238   \n",
       "2  ...          25.53           152.50      1709.0            0.1444   \n",
       "3  ...          26.50            98.87       567.7            0.2098   \n",
       "4  ...          16.67           152.20      1575.0            0.1374   \n",
       "\n",
       "   compactness_worst  concavity_worst  concave points_worst  symmetry_worst  \\\n",
       "0             0.6656           0.7119                0.2654          0.4601   \n",
       "1             0.1866           0.2416                0.1860          0.2750   \n",
       "2             0.4245           0.4504                0.2430          0.3613   \n",
       "3             0.8663           0.6869                0.2575          0.6638   \n",
       "4             0.2050           0.4000                0.1625          0.2364   \n",
       "\n",
       "   fractal_dimension_worst  Unnamed: 32  \n",
       "0                  0.11890          NaN  \n",
       "1                  0.08902          NaN  \n",
       "2                  0.08758          NaN  \n",
       "3                  0.17300          NaN  \n",
       "4                  0.07678          NaN  \n",
       "\n",
       "[5 rows x 33 columns]"
      ]
     },
     "execution_count": 6,
     "metadata": {},
     "output_type": "execute_result"
    }
   ],
   "source": [
    "data.head()"
   ]
  },
  {
   "cell_type": "code",
   "execution_count": 7,
   "metadata": {},
   "outputs": [],
   "source": [
    "training_data = data.iloc[0:int(0.7*len(data))]\n",
    "cv_data = data.iloc[int(0.7*len(data)):int(0.9*len(data))]\n",
    "testing_data = data.iloc[int(0.9*len(data)):]"
   ]
  },
  {
   "cell_type": "code",
   "execution_count": 8,
   "metadata": {},
   "outputs": [],
   "source": [
    "X_T = training_data.drop(['id','diagnosis',data.columns[32]],axis=1)"
   ]
  },
  {
   "cell_type": "code",
   "execution_count": 9,
   "metadata": {},
   "outputs": [
    {
     "data": {
      "text/html": [
       "<div>\n",
       "<style scoped>\n",
       "    .dataframe tbody tr th:only-of-type {\n",
       "        vertical-align: middle;\n",
       "    }\n",
       "\n",
       "    .dataframe tbody tr th {\n",
       "        vertical-align: top;\n",
       "    }\n",
       "\n",
       "    .dataframe thead th {\n",
       "        text-align: right;\n",
       "    }\n",
       "</style>\n",
       "<table border=\"1\" class=\"dataframe\">\n",
       "  <thead>\n",
       "    <tr style=\"text-align: right;\">\n",
       "      <th></th>\n",
       "      <th>radius_mean</th>\n",
       "      <th>texture_mean</th>\n",
       "      <th>perimeter_mean</th>\n",
       "      <th>area_mean</th>\n",
       "      <th>smoothness_mean</th>\n",
       "      <th>compactness_mean</th>\n",
       "      <th>concavity_mean</th>\n",
       "      <th>concave points_mean</th>\n",
       "      <th>symmetry_mean</th>\n",
       "      <th>fractal_dimension_mean</th>\n",
       "      <th>...</th>\n",
       "      <th>radius_worst</th>\n",
       "      <th>texture_worst</th>\n",
       "      <th>perimeter_worst</th>\n",
       "      <th>area_worst</th>\n",
       "      <th>smoothness_worst</th>\n",
       "      <th>compactness_worst</th>\n",
       "      <th>concavity_worst</th>\n",
       "      <th>concave points_worst</th>\n",
       "      <th>symmetry_worst</th>\n",
       "      <th>fractal_dimension_worst</th>\n",
       "    </tr>\n",
       "  </thead>\n",
       "  <tbody>\n",
       "    <tr>\n",
       "      <th>0</th>\n",
       "      <td>17.99</td>\n",
       "      <td>10.38</td>\n",
       "      <td>122.80</td>\n",
       "      <td>1001.0</td>\n",
       "      <td>0.11840</td>\n",
       "      <td>0.27760</td>\n",
       "      <td>0.3001</td>\n",
       "      <td>0.14710</td>\n",
       "      <td>0.2419</td>\n",
       "      <td>0.07871</td>\n",
       "      <td>...</td>\n",
       "      <td>25.38</td>\n",
       "      <td>17.33</td>\n",
       "      <td>184.60</td>\n",
       "      <td>2019.0</td>\n",
       "      <td>0.1622</td>\n",
       "      <td>0.6656</td>\n",
       "      <td>0.7119</td>\n",
       "      <td>0.2654</td>\n",
       "      <td>0.4601</td>\n",
       "      <td>0.11890</td>\n",
       "    </tr>\n",
       "    <tr>\n",
       "      <th>1</th>\n",
       "      <td>20.57</td>\n",
       "      <td>17.77</td>\n",
       "      <td>132.90</td>\n",
       "      <td>1326.0</td>\n",
       "      <td>0.08474</td>\n",
       "      <td>0.07864</td>\n",
       "      <td>0.0869</td>\n",
       "      <td>0.07017</td>\n",
       "      <td>0.1812</td>\n",
       "      <td>0.05667</td>\n",
       "      <td>...</td>\n",
       "      <td>24.99</td>\n",
       "      <td>23.41</td>\n",
       "      <td>158.80</td>\n",
       "      <td>1956.0</td>\n",
       "      <td>0.1238</td>\n",
       "      <td>0.1866</td>\n",
       "      <td>0.2416</td>\n",
       "      <td>0.1860</td>\n",
       "      <td>0.2750</td>\n",
       "      <td>0.08902</td>\n",
       "    </tr>\n",
       "    <tr>\n",
       "      <th>2</th>\n",
       "      <td>19.69</td>\n",
       "      <td>21.25</td>\n",
       "      <td>130.00</td>\n",
       "      <td>1203.0</td>\n",
       "      <td>0.10960</td>\n",
       "      <td>0.15990</td>\n",
       "      <td>0.1974</td>\n",
       "      <td>0.12790</td>\n",
       "      <td>0.2069</td>\n",
       "      <td>0.05999</td>\n",
       "      <td>...</td>\n",
       "      <td>23.57</td>\n",
       "      <td>25.53</td>\n",
       "      <td>152.50</td>\n",
       "      <td>1709.0</td>\n",
       "      <td>0.1444</td>\n",
       "      <td>0.4245</td>\n",
       "      <td>0.4504</td>\n",
       "      <td>0.2430</td>\n",
       "      <td>0.3613</td>\n",
       "      <td>0.08758</td>\n",
       "    </tr>\n",
       "    <tr>\n",
       "      <th>3</th>\n",
       "      <td>11.42</td>\n",
       "      <td>20.38</td>\n",
       "      <td>77.58</td>\n",
       "      <td>386.1</td>\n",
       "      <td>0.14250</td>\n",
       "      <td>0.28390</td>\n",
       "      <td>0.2414</td>\n",
       "      <td>0.10520</td>\n",
       "      <td>0.2597</td>\n",
       "      <td>0.09744</td>\n",
       "      <td>...</td>\n",
       "      <td>14.91</td>\n",
       "      <td>26.50</td>\n",
       "      <td>98.87</td>\n",
       "      <td>567.7</td>\n",
       "      <td>0.2098</td>\n",
       "      <td>0.8663</td>\n",
       "      <td>0.6869</td>\n",
       "      <td>0.2575</td>\n",
       "      <td>0.6638</td>\n",
       "      <td>0.17300</td>\n",
       "    </tr>\n",
       "    <tr>\n",
       "      <th>4</th>\n",
       "      <td>20.29</td>\n",
       "      <td>14.34</td>\n",
       "      <td>135.10</td>\n",
       "      <td>1297.0</td>\n",
       "      <td>0.10030</td>\n",
       "      <td>0.13280</td>\n",
       "      <td>0.1980</td>\n",
       "      <td>0.10430</td>\n",
       "      <td>0.1809</td>\n",
       "      <td>0.05883</td>\n",
       "      <td>...</td>\n",
       "      <td>22.54</td>\n",
       "      <td>16.67</td>\n",
       "      <td>152.20</td>\n",
       "      <td>1575.0</td>\n",
       "      <td>0.1374</td>\n",
       "      <td>0.2050</td>\n",
       "      <td>0.4000</td>\n",
       "      <td>0.1625</td>\n",
       "      <td>0.2364</td>\n",
       "      <td>0.07678</td>\n",
       "    </tr>\n",
       "  </tbody>\n",
       "</table>\n",
       "<p>5 rows × 30 columns</p>\n",
       "</div>"
      ],
      "text/plain": [
       "   radius_mean  texture_mean  perimeter_mean  area_mean  smoothness_mean  \\\n",
       "0        17.99         10.38          122.80     1001.0          0.11840   \n",
       "1        20.57         17.77          132.90     1326.0          0.08474   \n",
       "2        19.69         21.25          130.00     1203.0          0.10960   \n",
       "3        11.42         20.38           77.58      386.1          0.14250   \n",
       "4        20.29         14.34          135.10     1297.0          0.10030   \n",
       "\n",
       "   compactness_mean  concavity_mean  concave points_mean  symmetry_mean  \\\n",
       "0           0.27760          0.3001              0.14710         0.2419   \n",
       "1           0.07864          0.0869              0.07017         0.1812   \n",
       "2           0.15990          0.1974              0.12790         0.2069   \n",
       "3           0.28390          0.2414              0.10520         0.2597   \n",
       "4           0.13280          0.1980              0.10430         0.1809   \n",
       "\n",
       "   fractal_dimension_mean  ...  radius_worst  texture_worst  perimeter_worst  \\\n",
       "0                 0.07871  ...         25.38          17.33           184.60   \n",
       "1                 0.05667  ...         24.99          23.41           158.80   \n",
       "2                 0.05999  ...         23.57          25.53           152.50   \n",
       "3                 0.09744  ...         14.91          26.50            98.87   \n",
       "4                 0.05883  ...         22.54          16.67           152.20   \n",
       "\n",
       "   area_worst  smoothness_worst  compactness_worst  concavity_worst  \\\n",
       "0      2019.0            0.1622             0.6656           0.7119   \n",
       "1      1956.0            0.1238             0.1866           0.2416   \n",
       "2      1709.0            0.1444             0.4245           0.4504   \n",
       "3       567.7            0.2098             0.8663           0.6869   \n",
       "4      1575.0            0.1374             0.2050           0.4000   \n",
       "\n",
       "   concave points_worst  symmetry_worst  fractal_dimension_worst  \n",
       "0                0.2654          0.4601                  0.11890  \n",
       "1                0.1860          0.2750                  0.08902  \n",
       "2                0.2430          0.3613                  0.08758  \n",
       "3                0.2575          0.6638                  0.17300  \n",
       "4                0.1625          0.2364                  0.07678  \n",
       "\n",
       "[5 rows x 30 columns]"
      ]
     },
     "execution_count": 9,
     "metadata": {},
     "output_type": "execute_result"
    }
   ],
   "source": [
    "X_T.head()"
   ]
  },
  {
   "cell_type": "code",
   "execution_count": 10,
   "metadata": {},
   "outputs": [],
   "source": [
    "X_dash_T = X_T - np.mean(X_T,axis=0)"
   ]
  },
  {
   "cell_type": "code",
   "execution_count": 11,
   "metadata": {},
   "outputs": [],
   "source": [
    "X_dash_T = np.array(X_dash_T)"
   ]
  },
  {
   "cell_type": "code",
   "execution_count": 12,
   "metadata": {},
   "outputs": [],
   "source": [
    "X_dash_T = X_dash_T/np.std(X_dash_T,axis=0)"
   ]
  },
  {
   "cell_type": "code",
   "execution_count": 13,
   "metadata": {},
   "outputs": [
    {
     "data": {
      "text/plain": [
       "(398, 30)"
      ]
     },
     "execution_count": 13,
     "metadata": {},
     "output_type": "execute_result"
    }
   ],
   "source": [
    "X_dash_T.shape"
   ]
  },
  {
   "cell_type": "code",
   "execution_count": 14,
   "metadata": {},
   "outputs": [],
   "source": [
    "sigma = np.cov(X_dash_T,rowvar=False)"
   ]
  },
  {
   "cell_type": "code",
   "execution_count": 15,
   "metadata": {},
   "outputs": [
    {
     "data": {
      "text/plain": [
       "(30, 30)"
      ]
     },
     "execution_count": 15,
     "metadata": {},
     "output_type": "execute_result"
    }
   ],
   "source": [
    "sigma.shape"
   ]
  },
  {
   "cell_type": "code",
   "execution_count": 16,
   "metadata": {},
   "outputs": [
    {
     "data": {
      "text/plain": [
       "array([[ 1.00251889,  0.41665552,  1.00025061,  0.99125622,  0.16129087,\n",
       "         0.50148483,  0.65161378,  0.81366729,  0.15223906, -0.31604212,\n",
       "         0.68436185, -0.0534479 ,  0.67990705,  0.76181795, -0.191507  ,\n",
       "         0.19015982,  0.15180601,  0.33346561, -0.08275382, -0.04649045,\n",
       "         0.96792288,  0.37915553,  0.96468597,  0.94232608,  0.13495865,\n",
       "         0.39985493,  0.50215021,  0.72916439,  0.17488951,  0.01208893],\n",
       "       [ 0.41665552,  1.00251889,  0.42399393,  0.40300172,  0.07134535,\n",
       "         0.32956861,  0.36948172,  0.38690366,  0.11920766, -0.03587076,\n",
       "         0.31041879,  0.31332568,  0.31796788,  0.3020659 , -0.02017095,\n",
       "         0.22411763,  0.15739974,  0.2204062 , -0.00632652,  0.06542825,\n",
       "         0.44957481,  0.90964711,  0.45312165,  0.43052307,  0.17742485,\n",
       "         0.35668756,  0.37192941,  0.40142726,  0.17752988,  0.18681763],\n",
       "       [ 1.00025061,  0.42399393,  1.00251889,  0.98995002,  0.20022997,\n",
       "         0.55430233,  0.69288933,  0.84422778,  0.18998265, -0.26337171,\n",
       "         0.69854337, -0.03844215,  0.70020508,  0.77114281, -0.17039112,\n",
       "         0.23651684,  0.18567851,  0.3654547 , -0.05652579, -0.00935421,\n",
       "         0.967734  ,  0.38650855,  0.96973391,  0.94200808,  0.16566249,\n",
       "         0.44264531,  0.53956744,  0.75713639,  0.20224038,  0.05562089],\n",
       "       [ 0.99125622,  0.40300172,  0.98995002,  1.00251889,  0.16898835,\n",
       "         0.49213513,  0.65962746,  0.81257204,  0.14984139, -0.28857951,\n",
       "         0.72511539, -0.02468385,  0.71961905,  0.81138029, -0.13916258,\n",
       "         0.1944038 ,  0.16613641,  0.32579977, -0.05260316, -0.02571159,\n",
       "         0.95872626,  0.35995586,  0.95568884,  0.95408792,  0.13592974,\n",
       "         0.3750853 ,  0.48830625,  0.70475267,  0.15030224,  0.00578302],\n",
       "       [ 0.16129087,  0.07134535,  0.20022997,  0.16898835,  1.00251889,\n",
       "         0.65574642,  0.54952521,  0.56830403,  0.56519318,  0.56912774,\n",
       "         0.32672664,  0.13146726,  0.31408857,  0.27147442,  0.33700798,\n",
       "         0.33170672,  0.24444974,  0.32520415,  0.23015696,  0.27420287,\n",
       "         0.21320996,  0.1335717 ,  0.24021038,  0.20492371,  0.79640495,\n",
       "         0.49875922,  0.46898237,  0.51086873,  0.42500453,  0.51085583],\n",
       "       [ 0.50148483,  0.32956861,  0.55430233,  0.49213513,  0.65574642,\n",
       "         1.00251889,  0.89219142,  0.84042344,  0.62837734,  0.56859866,\n",
       "         0.52078999,  0.11711183,  0.5658652 ,  0.4812434 ,  0.13633557,\n",
       "         0.74190845,  0.5464535 ,  0.61980853,  0.27268386,  0.49213537,\n",
       "         0.534031  ,  0.33485454,  0.58755977,  0.50584172,  0.55249209,\n",
       "         0.86785144,  0.82187223,  0.81984632,  0.54726612,  0.68410532],\n",
       "       [ 0.65161378,  0.36948172,  0.69288933,  0.65962746,  0.54952521,\n",
       "         0.89219142,  1.00251889,  0.91902013,  0.53308487,  0.38610834,\n",
       "         0.64337814,  0.14330265,  0.66114405,  0.62797037,  0.13192647,\n",
       "         0.67536489,  0.68308215,  0.67077061,  0.2273417 ,  0.46328881,\n",
       "         0.66368318,  0.35593303,  0.70322453,  0.64873167,  0.45963108,\n",
       "         0.74218836,  0.87959683,  0.85150379,  0.44194487,  0.52766778],\n",
       "       [ 0.81366729,  0.38690366,  0.84422778,  0.81257204,  0.56830403,\n",
       "         0.84042344,  0.91902013,  1.00251889,  0.49029331,  0.18240897,\n",
       "         0.7099955 ,  0.08091254,  0.71969629,  0.71338666,  0.04750298,\n",
       "         0.49143612,  0.41096174,  0.58423287,  0.13121583,  0.2530379 ,\n",
       "         0.82087341,  0.37381607,  0.84855411,  0.79845227,  0.4615817 ,\n",
       "         0.66687063,  0.74928542,  0.90635328,  0.40674598,  0.3759682 ],\n",
       "       [ 0.15223906,  0.11920766,  0.18998265,  0.14984139,  0.56519318,\n",
       "         0.62837734,  0.53308487,  0.49029331,  1.00251889,  0.49397513,\n",
       "         0.30620694,  0.17790337,  0.3135604 ,  0.22935453,  0.15098549,\n",
       "         0.44056429,  0.34913203,  0.3901157 ,  0.4683233 ,  0.32193862,\n",
       "         0.18906025,  0.15134593,  0.22455517,  0.17425729,  0.41508147,\n",
       "         0.50177203,  0.47076753,  0.46226   ,  0.71678395,  0.45061461],\n",
       "       [-0.31604212, -0.03587076, -0.26337171, -0.28857951,  0.56912774,\n",
       "         0.56859866,  0.38610834,  0.18240897,  0.49397513,  1.00251889,\n",
       "         0.0140944 ,  0.22953883,  0.04897743, -0.08632076,  0.36289325,\n",
       "         0.58746986,  0.48414769,  0.35039345,  0.36782497,  0.68523628,\n",
       "        -0.25347351, -0.00582585, -0.20667323, -0.23581902,  0.46404825,\n",
       "         0.48236851,  0.39972632,  0.19348925,  0.36321177,  0.76204627],\n",
       "       [ 0.68436185,  0.31041879,  0.69854337,  0.72511539,  0.32672664,\n",
       "         0.52078999,  0.64337814,  0.7099955 ,  0.30620694,  0.0140944 ,\n",
       "         1.00251889,  0.25225162,  0.97383   ,  0.95696986,  0.19201061,\n",
       "         0.36454333,  0.33721819,  0.50751866,  0.26602299,  0.23698145,\n",
       "         0.70121089,  0.217696  ,  0.70804008,  0.7202713 ,  0.1515147 ,\n",
       "         0.28698279,  0.39431088,  0.52813891,  0.09453774,  0.05146923],\n",
       "       [-0.0534479 ,  0.31332568, -0.03844215, -0.02468385,  0.13146726,\n",
       "         0.11711183,  0.14330265,  0.08091254,  0.17790337,  0.22953883,\n",
       "         0.25225162,  1.00251889,  0.27584928,  0.15358832,  0.39056279,\n",
       "         0.29580298,  0.25431668,  0.31270474,  0.44856008,  0.33173482,\n",
       "        -0.08169969,  0.33039732, -0.06491918, -0.05825491, -0.05575041,\n",
       "        -0.05205549, -0.01733069, -0.06771251, -0.091193  , -0.00435008],\n",
       "       [ 0.67990705,  0.31796788,  0.70020508,  0.71961905,  0.31408857,\n",
       "         0.5658652 ,  0.66114405,  0.71969629,  0.3135604 ,  0.04897743,\n",
       "         0.97383   ,  0.27584928,  1.00251889,  0.94138612,  0.1782963 ,\n",
       "         0.41426155,  0.35045592,  0.5443115 ,  0.29812911,  0.24092703,\n",
       "         0.68119046,  0.22487289,  0.70640306,  0.69597923,  0.13229541,\n",
       "         0.32950532,  0.41592776,  0.54476437,  0.10777221,  0.07417308],\n",
       "       [ 0.76181795,  0.3020659 ,  0.77114281,  0.81138029,  0.27147442,\n",
       "         0.4812434 ,  0.62797037,  0.71338666,  0.22935453, -0.08632076,\n",
       "         0.95696986,  0.15358832,  0.94138612,  1.00251889,  0.10534841,\n",
       "         0.28135944,  0.258881  ,  0.38983765,  0.17024521,  0.12809251,\n",
       "         0.76326907,  0.23169685,  0.76729351,  0.79549762,  0.14020314,\n",
       "         0.28309976,  0.39212441,  0.54035065,  0.07963631,  0.01767415],\n",
       "       [-0.191507  , -0.02017095, -0.17039112, -0.13916258,  0.33700798,\n",
       "         0.13633557,  0.13192647,  0.04750298,  0.15098549,  0.36289325,\n",
       "         0.19201061,  0.39056279,  0.1782963 ,  0.10534841,  1.00251889,\n",
       "         0.36793315,  0.30091003,  0.36191414,  0.40385575,  0.42375539,\n",
       "        -0.21412215, -0.10595209, -0.19846382, -0.17393845,  0.25783523,\n",
       "        -0.0546274 , -0.03532934, -0.08909114, -0.11928533,  0.06653459],\n",
       "       [ 0.19015982,  0.22411763,  0.23651684,  0.1944038 ,  0.33170672,\n",
       "         0.74190845,  0.67536489,  0.49143612,  0.44056429,  0.58746986,\n",
       "         0.36454333,  0.29580298,  0.41426155,  0.28135944,  0.36793315,\n",
       "         1.00251889,  0.78783368,  0.74743924,  0.43684411,  0.80927064,\n",
       "         0.1813438 ,  0.15936214,  0.23448058,  0.17115985,  0.20461964,\n",
       "         0.65308441,  0.62972591,  0.46516469,  0.29142975,  0.57437883],\n",
       "       [ 0.15180601,  0.15739974,  0.18567851,  0.16613641,  0.24444974,\n",
       "         0.5464535 ,  0.68308215,  0.41096174,  0.34913203,  0.48414769,\n",
       "         0.33721819,  0.25431668,  0.35045592,  0.258881  ,  0.30091003,\n",
       "         0.78783368,  1.00251889,  0.78012077,  0.34632045,  0.74537101,\n",
       "         0.14283901,  0.09989225,  0.17801273,  0.14271806,  0.13819548,\n",
       "         0.43575696,  0.64238184,  0.40233553,  0.19864564,  0.42252552],\n",
       "       [ 0.33346561,  0.2204062 ,  0.3654547 ,  0.32579977,  0.32520415,\n",
       "         0.61980853,  0.67077061,  0.58423287,  0.3901157 ,  0.35039345,\n",
       "         0.50751866,  0.31270474,  0.5443115 ,  0.38983765,  0.36191414,\n",
       "         0.74743924,  0.78012077,  1.00251889,  0.35900487,  0.62451442,\n",
       "         0.30897102,  0.12186888,  0.34570681,  0.28616572,  0.15372863,\n",
       "         0.41322586,  0.53348973,  0.55928775,  0.14641006,  0.28631913],\n",
       "       [-0.08275382, -0.00632652, -0.05652579, -0.05260316,  0.23015696,\n",
       "         0.27268386,  0.2273417 ,  0.13121583,  0.4683233 ,  0.36782497,\n",
       "         0.26602299,  0.44856008,  0.29812911,  0.17024521,  0.40385575,\n",
       "         0.43684411,  0.34632045,  0.35900487,  1.00251889,  0.37779629,\n",
       "        -0.12335991, -0.09574861, -0.09391229, -0.11121169, -0.02863066,\n",
       "         0.08591386,  0.07960148,  0.00112036,  0.38778254,  0.08269186],\n",
       "       [-0.04649045,  0.06542825, -0.00935421, -0.02571159,  0.27420287,\n",
       "         0.49213537,  0.46328881,  0.2530379 ,  0.32193862,  0.68523628,\n",
       "         0.23698145,  0.33173482,  0.24092703,  0.12809251,  0.42375539,\n",
       "         0.80927064,  0.74537101,  0.62451442,  0.37779629,  1.00251889,\n",
       "        -0.04889083,  0.001807  , -0.01639835, -0.03867608,  0.12757933,\n",
       "         0.36231671,  0.38267707,  0.20099201,  0.10279835,  0.55034502],\n",
       "       [ 0.96792288,  0.44957481,  0.967734  ,  0.95872626,  0.21320996,\n",
       "         0.534031  ,  0.66368318,  0.82087341,  0.18906025, -0.25347351,\n",
       "         0.70121089, -0.08169969,  0.68119046,  0.76326907, -0.21412215,\n",
       "         0.1813438 ,  0.14283901,  0.30897102, -0.12335991, -0.04889083,\n",
       "         1.00251889,  0.45337566,  0.99646713,  0.98838929,  0.25003536,\n",
       "         0.47216279,  0.56329968,  0.78136388,  0.25970936,  0.10878164],\n",
       "       [ 0.37915553,  0.90964711,  0.38650855,  0.35995586,  0.1335717 ,\n",
       "         0.33485454,  0.35593303,  0.37381607,  0.15134593, -0.00582585,\n",
       "         0.217696  ,  0.33039732,  0.22487289,  0.23169685, -0.10595209,\n",
       "         0.15936214,  0.09989225,  0.12186888, -0.09574861,  0.001807  ,\n",
       "         0.45337566,  1.00251889,  0.45714344,  0.43253017,  0.34001278,\n",
       "         0.44174908,  0.43832392,  0.46167196,  0.3157393 ,  0.29790721],\n",
       "       [ 0.96468597,  0.45312165,  0.96973391,  0.95568884,  0.24021038,\n",
       "         0.58755977,  0.70322453,  0.84855411,  0.22455517, -0.20667323,\n",
       "         0.70804008, -0.06491918,  0.70640306,  0.76729351, -0.19846382,\n",
       "         0.23448058,  0.17801273,  0.34570681, -0.09391229, -0.01639835,\n",
       "         0.99646713,  0.45714344,  1.00251889,  0.98119832,  0.26844485,\n",
       "         0.51991931,  0.60109805,  0.80905387,  0.28652063,  0.14628084],\n",
       "       [ 0.94232608,  0.43052307,  0.94200808,  0.95408792,  0.20492371,\n",
       "         0.50584172,  0.64873167,  0.79845227,  0.17425729, -0.23581902,\n",
       "         0.7202713 , -0.05825491,  0.69597923,  0.79549762, -0.17393845,\n",
       "         0.17115985,  0.14271806,  0.28616572, -0.11121169, -0.03867608,\n",
       "         0.98838929,  0.43253017,  0.98119832,  1.00251889,  0.23951096,\n",
       "         0.43397555,  0.53352443,  0.74000186,  0.22292252,  0.09172384],\n",
       "       [ 0.13495865,  0.17742485,  0.16566249,  0.13592974,  0.79640495,\n",
       "         0.55249209,  0.45963108,  0.4615817 ,  0.41508147,  0.46404825,\n",
       "         0.1515147 , -0.05575041,  0.13229541,  0.14020314,  0.25783523,\n",
       "         0.20461964,  0.13819548,  0.15372863, -0.02863066,  0.12757933,\n",
       "         0.25003536,  0.34001278,  0.26844485,  0.23951096,  1.00251889,\n",
       "         0.60166495,  0.55990006,  0.57654099,  0.52740328,  0.63087782],\n",
       "       [ 0.39985493,  0.35668756,  0.44264531,  0.3750853 ,  0.49875922,\n",
       "         0.86785144,  0.74218836,  0.66687063,  0.50177203,  0.48236851,\n",
       "         0.28698279, -0.05205549,  0.32950532,  0.28309976, -0.0546274 ,\n",
       "         0.65308441,  0.43575696,  0.41322586,  0.08591386,  0.36231671,\n",
       "         0.47216279,  0.44174908,  0.51991931,  0.43397555,  0.60166495,\n",
       "         1.00251889,  0.88811806,  0.8044963 ,  0.65427964,  0.82690335],\n",
       "       [ 0.50215021,  0.37192941,  0.53956744,  0.48830625,  0.46898237,\n",
       "         0.82187223,  0.87959683,  0.74928542,  0.47076753,  0.39972632,\n",
       "         0.39431088, -0.01733069,  0.41592776,  0.39212441, -0.03532934,\n",
       "         0.62972591,  0.64238184,  0.53348973,  0.07960148,  0.38267707,\n",
       "         0.56329968,  0.43832392,  0.60109805,  0.53352443,  0.55990006,\n",
       "         0.88811806,  1.00251889,  0.85882643,  0.57978278,  0.71583939],\n",
       "       [ 0.72916439,  0.40142726,  0.75713639,  0.70475267,  0.51086873,\n",
       "         0.81984632,  0.85150379,  0.90635328,  0.46226   ,  0.19348925,\n",
       "         0.52813891, -0.06771251,  0.54476437,  0.54035065, -0.08909114,\n",
       "         0.46516469,  0.40233553,  0.55928775,  0.00112036,  0.20099201,\n",
       "         0.78136388,  0.46167196,  0.80905387,  0.74000186,  0.57654099,\n",
       "         0.8044963 ,  0.85882643,  1.00251889,  0.54672041,  0.53099672],\n",
       "       [ 0.17488951,  0.17752988,  0.20224038,  0.15030224,  0.42500453,\n",
       "         0.54726612,  0.44194487,  0.40674598,  0.71678395,  0.36321177,\n",
       "         0.09453774, -0.091193  ,  0.10777221,  0.07963631, -0.11928533,\n",
       "         0.29142975,  0.19864564,  0.14641006,  0.38778254,  0.10279835,\n",
       "         0.25970936,  0.3157393 ,  0.28652063,  0.22292252,  0.52740328,\n",
       "         0.65427964,  0.57978278,  0.54672041,  1.00251889,  0.57147952],\n",
       "       [ 0.01208893,  0.18681763,  0.05562089,  0.00578302,  0.51085583,\n",
       "         0.68410532,  0.52766778,  0.3759682 ,  0.45061461,  0.76204627,\n",
       "         0.05146923, -0.00435008,  0.07417308,  0.01767415,  0.06653459,\n",
       "         0.57437883,  0.42252552,  0.28631913,  0.08269186,  0.55034502,\n",
       "         0.10878164,  0.29790721,  0.14628084,  0.09172384,  0.63087782,\n",
       "         0.82690335,  0.71583939,  0.53099672,  0.57147952,  1.00251889]])"
      ]
     },
     "execution_count": 16,
     "metadata": {},
     "output_type": "execute_result"
    }
   ],
   "source": [
    "sigma"
   ]
  },
  {
   "cell_type": "code",
   "execution_count": 17,
   "metadata": {},
   "outputs": [],
   "source": [
    "sigma_factors = np.linalg.svd(sigma)"
   ]
  },
  {
   "cell_type": "code",
   "execution_count": 18,
   "metadata": {},
   "outputs": [
    {
     "data": {
      "text/plain": [
       "(30, 30)"
      ]
     },
     "execution_count": 18,
     "metadata": {},
     "output_type": "execute_result"
    }
   ],
   "source": [
    "sigma_factors[0].shape"
   ]
  },
  {
   "cell_type": "code",
   "execution_count": 19,
   "metadata": {},
   "outputs": [],
   "source": [
    "Q = sigma_factors[0]"
   ]
  },
  {
   "cell_type": "code",
   "execution_count": 20,
   "metadata": {},
   "outputs": [
    {
     "data": {
      "text/plain": [
       "(30, 30)"
      ]
     },
     "execution_count": 20,
     "metadata": {},
     "output_type": "execute_result"
    }
   ],
   "source": [
    "Q.shape"
   ]
  },
  {
   "cell_type": "code",
   "execution_count": 21,
   "metadata": {},
   "outputs": [],
   "source": [
    "encoding_matrix = Q[:,0:3].T"
   ]
  },
  {
   "cell_type": "code",
   "execution_count": 22,
   "metadata": {},
   "outputs": [
    {
     "data": {
      "text/plain": [
       "(3, 30)"
      ]
     },
     "execution_count": 22,
     "metadata": {},
     "output_type": "execute_result"
    }
   ],
   "source": [
    "encoding_matrix.shape"
   ]
  },
  {
   "cell_type": "code",
   "execution_count": 23,
   "metadata": {},
   "outputs": [],
   "source": [
    "decoding_matrix = Q[:,0:3]"
   ]
  },
  {
   "cell_type": "code",
   "execution_count": 24,
   "metadata": {},
   "outputs": [
    {
     "data": {
      "text/plain": [
       "(30, 3)"
      ]
     },
     "execution_count": 24,
     "metadata": {},
     "output_type": "execute_result"
    }
   ],
   "source": [
    "decoding_matrix.shape"
   ]
  },
  {
   "cell_type": "code",
   "execution_count": 25,
   "metadata": {},
   "outputs": [
    {
     "data": {
      "text/plain": [
       "array([1., 1., 1.])"
      ]
     },
     "execution_count": 25,
     "metadata": {},
     "output_type": "execute_result"
    }
   ],
   "source": [
    "np.linalg.norm(decoding_matrix,axis=0)"
   ]
  },
  {
   "cell_type": "code",
   "execution_count": 26,
   "metadata": {},
   "outputs": [
    {
     "data": {
      "text/plain": [
       "array([[ 1.00000000e+00, -2.56739074e-16,  3.46944695e-17],\n",
       "       [-2.56739074e-16,  1.00000000e+00,  1.38777878e-17],\n",
       "       [ 3.46944695e-17,  1.38777878e-17,  1.00000000e+00]])"
      ]
     },
     "execution_count": 26,
     "metadata": {},
     "output_type": "execute_result"
    }
   ],
   "source": [
    "np.matmul(encoding_matrix,decoding_matrix)"
   ]
  },
  {
   "cell_type": "markdown",
   "metadata": {},
   "source": [
    "# Now, we are going to train an Autoencoder to prove this point that the weight matrix on the encoding side is equal to Q[:,0:3].T and weight matrix on decoding side is equal to Q[:,0:3]. "
   ]
  },
  {
   "cell_type": "code",
   "execution_count": 76,
   "metadata": {},
   "outputs": [],
   "source": [
    "neurons = [None,X_dash_T.shape[1],3,X_dash_T.shape[1]]\n",
    "theta_hat_initial = [None,None,np.random.randn(neurons[1],neurons[2]),\n",
    "                     np.random.randn(neurons[2],neurons[3])]\n",
    "H = [None]*len(neurons)\n",
    "activation = [None,None,\"relu\",\"relu\"]\n",
    "frwrd_dels = [None]*len(neurons)\n",
    "backwrd_dels = [None]*len(neurons)"
   ]
  },
  {
   "cell_type": "code",
   "execution_count": 77,
   "metadata": {},
   "outputs": [],
   "source": [
    "def G(theta_hat_l,Hl_minus1):\n",
    "    return np.matmul(theta_hat_l.T,Hl_minus1)"
   ]
  },
  {
   "cell_type": "code",
   "execution_count": 78,
   "metadata": {},
   "outputs": [],
   "source": [
    "def f(theta_hat_l,Hl_minus1,a):\n",
    "    if a == \"linear\":\n",
    "        return G(theta_hat_l,Hl_minus1)\n",
    "    elif a == \"sigmoid\":\n",
    "        return 1/(1 + np.exp(-G(theta_hat_l,Hl_minus1)))\n",
    "    elif a == \"softmax\":\n",
    "        layer_activation = np.array([np.exp(glc)/np.sum(np.exp(G(theta_hat_l,Hl_minus1)))\n",
    "                        for glc in G(theta_hat_l,Hl_minus1)])\n",
    "        return layer_activation.reshape(layer_activation.shape[0],1)\n",
    "    elif a == \"relu\":\n",
    "        return (G(theta_hat_l,Hl_minus1) > 0)*G(theta_hat_l,Hl_minus1)"
   ]
  },
  {
   "cell_type": "code",
   "execution_count": 79,
   "metadata": {},
   "outputs": [],
   "source": [
    "def f_prime(theta_hat_l,Hl_minus1,a):\n",
    "    if a == \"linear\":\n",
    "        return np.ones_like(G(theta_hat_l,Hl_minus1))\n",
    "    elif a == \"sigmoid\" or a == \"softmax\":\n",
    "        return f(theta_hat_l,Hl_minus1,a)*(1-f(theta_hat_l,Hl_minus1,a))\n",
    "    elif a == \"relu\":\n",
    "        return f(theta_hat_l,Hl_minus1,a) > 0"
   ]
  },
  {
   "cell_type": "code",
   "execution_count": 80,
   "metadata": {},
   "outputs": [],
   "source": [
    "def del_Hl(theta_hat_l,Hl_minus1,a):\n",
    "    f_dash = f_prime(theta_hat_l,Hl_minus1,a)\n",
    "    f_dash = f_dash.reshape(f_dash.shape[1],f_dash.shape[0],-1)\n",
    "    Hl_minus1_T = Hl_minus1.T\n",
    "    Hl_minus1_T = Hl_minus1_T.reshape(Hl_minus1_T.shape[0],-1,Hl_minus1_T.shape[1])\n",
    "    return np.matmul(f_dash,Hl_minus1_T)"
   ]
  },
  {
   "cell_type": "code",
   "execution_count": 81,
